26.2
26.2
26.2
26.2
26.2
26.2
26.2
26.1
26.3
26.2
26.3
26.2
26.2
26.2
26.2
26.2
26.3
26.2
26.3
26.2
26.2
26.3
26.2
26.2
26.2
26.2
26.3
26.2
26.2
26.3
26.2
26.2
26.2
26.2
26.2
26.3
26.2
28.1
28.5
28.1
29.2
31.1
31.5
31.3
31.5
35.1
32.3
32.3
32.3
32.3
32.5
32.3
32.2
35.1
32.1
32.2
32.4
32.3
32.1
32.2
32.3
32.1
31.9
31.9
35.1
32.3
32.3
32.2
32.3
32.1
31.8
31.8
31.8
35.1
31.9
31.9
31.8
31.8
28.5
26.1
26.1
26.0
25.9
26.2
26.3
26.2
26.3
26.5
26.7
26.3
26.0
26.0
26.0
26.0
26.0
26.0
26.0
26.0
26.2
26.3
26.2
26.2
26.2
26.2
26.2
26.2
26.2
26.6
26.6
30.2
30.5
30.9
31.6
31.6
31.8
31.7
29.0
32.2
0.2
32.4
32.1
33.7
33.8
34.5
35.1
33.1
26.4
26.8
26.9
27.1
27.2
27.4
27.5
27.4
27.6
27.6
27.6
27.6
27.6
27.8
27.7
27.7
27.7
27.8
27.8
27.8
27.8
28.0
28.1
28.2
28.3
28.2
28.1
28.2
28.3
28.1
28.2
28.1
28.1
28.1
28.3
28.3
28.3
28.3
28.2
28.3
28.2
28.2
28.1
28.1
28.1
28.1
28.1
28.1
28.1
28.1
28.0
28.0
28.0
28.0
28.0
28.0
28.1
28.1
27.9
28.0
28.0
28.0
28.0
27.9
28.0
28.0
27.9
27.9
27.9
27.9
27.9
28.0
27.9
27.9
27.9
27.8
27.9
27.9
28.0
27.9
27.9
27.9
28.0
27.9
27.9
28.0
28.1
28.2
28.1
28.1
28.1
25.9
30.0
26.8
26.8
26.9
26.8
26.9
27.0
27.0
27.0
27.0
27.0
27.0
27.0
27.0
27.0
27.1
27.0
27.0
27.1
27.1
27.0
27.0
27.1
27.0
27.1
27.0
27.1
27.1
27.0
27.0
27.0
27.1
27.1
27.0
27.0
27.0
27.1
27.1
27.1
27.0
27.0
27.0
27.0
27.1
27.1
27.0
27.0
27.1
27.0
27.1
27.1
27.0
27.0
27.0
27.0
27.0
27.0
27.0
27.1
27.1
27.1
27.1
27.0
27.1
27.1
27.1
27.1
27.1
27.1
27.1
27.1
27.1
27.1
26.9
27.1
27.1
27.1
27.1
27.0
27.1
27.0
27.1
27.1
27.1
27.0
27.1
27.1
27.2
27.1
27.1
27.1
27.1
27.1
27.0
27.1
27.1
27.1
27.1
27.1
27.2
27.2
27.2
27.2
27.2
27.2
27.2
27.2
27.2
27.2
0.0
0.0
0.0
0.0
0.0
0.0
0.0
0.0
0.0
0.0
24.4
27.6
29.0
30.7
31.3
31.4
31.3
31.4
31.4
25.1
25.5
23.2
24.5
24.3
24.4
24.4
24.5
24.6
24.6
24.5
24.6
24.6
24.6
24.6
24.6
24.9
24.7
28.0
23.5
24.6
24.6
24.6
24.6
24.6
24.6
27.1
27.1
27.1
28.2
34.0
28.7
26.9
27.7
27.7
27.7
27.8
27.8
27.7
27.8
27.8
27.8
27.8
27.8
27.9
27.9
27.9
27.9
27.1
27.4
27.5
27.5
27.6
27.6
27.5
27.7
27.7
27.7
27.7
27.7
27.7
27.5
27.6
27.5
27.5
27.6
27.6
27.5
27.6
27.6
27.6
27.5
27.6
27.6
27.6
27.5
27.6
27.6
27.6
27.6
27.6
27.6
27.6
27.6
27.6
27.6
27.6
27.6
27.6
26.5
26.5
26.5
26.6
26.5
26.5
26.5
26.5
26.5
26.5
26.6
26.5
26.5
26.5
26.5
26.5
26.6
26.5
26.5
26.5
26.5
26.5
26.5
26.5
26.5
26.5
26.5
26.5
26.5
26.6
26.6
26.6
26.6
26.6
26.6
26.6
26.6
26.6
26.6
26.6
26.6
26.6
26.6
26.6
26.6
26.6
26.6
26.6
26.6
26.6
26.6
26.5
26.5
26.5
26.5
26.5
26.5
26.5
26.5
26.5
26.5
26.5
26.5
26.5
26.5
26.5
26.5
26.5
26.5
26.5
26.5
26.5
26.5
26.5
26.5
26.5
26.5
26.5
26.5
26.5
26.5
26.5
26.5
26.5
26.5
26.5
26.5
26.5
26.5
26.5
26.5
26.5
26.5
26.5
26.5
26.5
26.5
26.5
26.5
26.5
26.5
26.5
26.5
26.5
26.5
26.6
26.6
26.6
26.6
26.6
26.6
26.6
26.6
26.6
26.6
26.6
26.6
26.6
26.6
26.6
26.6
26.6
26.6
26.6
26.6
26.6
26.6
26.6
26.6
26.6
26.6
26.5
26.5
26.5
26.5
26.5
26.5
26.5
26.6
26.6
26.5
26.6
26.6
26.6
26.6
26.6
26.6
26.6
26.6
26.6
26.6
26.6
26.6
26.6
26.6
26.6
26.6
26.6
26.6
26.6
26.6
26.6
26.6
26.6
26.6
26.6
26.6
26.6
26.6
26.6
26.6
26.6
26.6
26.6
26.6
26.6
26.6
26.6
26.6
26.6
26.6
26.7
26.6
26.6
26.6
26.6
26.7
26.6
26.6
26.6
26.6
26.7
26.6
26.6
26.7
26.7
26.7
26.7
26.7
26.7
26.7
26.7
26.7
26.7
26.7
26.7
26.7
26.8
26.8
26.8
26.8
26.8
26.8
26.7
26.7
26.8
26.7
26.7
26.8
26.8
26.7
26.7
26.7
26.7
26.7
26.7
26.8
26.7
26.6
26.6
26.6
26.6
26.6
26.6
26.6
26.6
26.6
26.6
26.6
26.6
26.6
26.6
26.6
26.6
26.6
26.6
26.6
26.6
26.6
26.6
26.6
26.6
26.6
26.6
26.6
26.8
26.7
26.7
26.7
26.7
26.8
26.7
26.7
26.7
26.7
26.7
26.7
26.7
26.7
26.7
26.7
26.7
26.7
26.7
26.7
26.7
26.8
26.7
26.7
26.7
26.7
26.7
26.7
26.6
26.6
26.6
26.6
26.6
26.6
26.7
26.7
26.7
26.6
26.6
26.6
26.7
26.7
26.6
26.6
26.7
26.6
26.6
26.6
26.6
26.9
26.9
26.9
26.9
26.9
26.9
26.9
26.9
26.9
26.9
26.9
26.9
26.8
26.8
26.8
26.8
26.9
26.9
26.9
26.8
26.8
26.8
26.8
26.8
26.8
26.8
26.9
26.9
26.8
26.8
26.9
26.9
26.9
26.8
26.8
26.8
26.8
26.8
26.9
26.8
26.8
26.9
26.9
26.9
26.9
26.9
26.9
26.9
26.9
26.9
26.8
26.8
26.8
26.9
26.9
26.9
26.9
26.9
26.8
26.9
26.8
26.8
26.9
26.8
26.8
26.8
26.9
26.9
26.9
26.8
26.8
26.8
26.8
26.8
26.9
26.8
26.9
26.8
26.8
26.8
26.8
26.8
26.8
26.8
26.8
26.8
26.8
26.8
26.8
26.8
26.8
26.8
26.8
26.8
26.8
26.8
26.9
26.9
26.8
26.8
26.8
26.9
26.8
26.8
26.8
26.8
26.8
26.8
26.9
26.8
26.9
26.9
26.8
26.9
26.9
26.9
26.9
26.8
26.8
26.8
26.8
26.9
26.9
26.8
26.8
26.8
26.8
26.8
26.8
26.8
26.8
26.8
26.8
26.9
26.8
26.8
26.8
26.8
26.8
26.8
26.8
26.8
26.8
26.9
26.8
26.8
26.8
26.8
26.8
26.9
26.8
26.8
26.9
26.8
26.8
26.8
26.8
26.8
26.8
26.8
26.8
26.8
26.8
26.8
26.9
26.9
26.8
26.8
26.9
26.9
26.8
26.8
26.8
26.8
26.8
26.8
26.9
26.8
26.8
26.8
26.8
26.8
26.8
26.8
26.8
26.8
26.8
26.8
26.8
26.8
26.8
26.8
26.8
26.8
26.8
26.8
26.8
26.8
26.8
26.8
26.8
26.8
26.8
26.8
26.8
26.8
26.8
26.8
26.8
26.8
26.8
26.8
26.8
26.8
26.8
26.8
26.8
26.8
26.9
26.8
26.8
26.9
26.9
26.8
26.9
26.9
26.9
26.8
26.8
26.8
26.8
26.8
26.8
26.8
26.8
26.8
26.8
26.8
26.8
26.8
26.8
26.9
26.9
26.9
26.9
26.9
26.8
26.9
26.9
26.9
26.8
26.9
26.9
26.9
26.8
26.8
26.9
26.8
26.9
26.9
26.9
26.9
27.0
26.9
26.9
26.9
26.9
26.9
26.9
26.9
27.0
27.0
27.0
26.9
27.0
27.0
27.0
27.0
27.0
27.0
27.0
27.0
27.0
27.0
26.9
27.0
27.0
27.0
27.0
26.9
26.9
26.9
26.9
26.9
26.9
26.9
27.0
27.0
27.0
27.0
27.0
27.0
27.0
27.0
27.0
27.0
27.0
27.0
27.0
26.9
26.9
26.9
27.0
26.9
27.0
27.0
27.0
27.0
26.9
27.0
27.0
27.0
27.0
27.0
27.0
27.0
27.0
27.0
27.0
27.0
27.0
27.0
27.0
27.0
27.0
27.0
27.0
27.0
27.0
27.0
27.0
27.0
27.0
27.0
27.0
27.0
27.0
27.0
27.0
27.0
27.0
27.0
27.0
27.0
27.0
27.0
27.0
27.0
27.0
27.0
27.0
27.0
27.0
27.0
27.0
27.0
27.0
27.0
27.0
24.0
24.0
24.0
24.0
24.0
24.0
23.9
24.0
24.0
24.0
23.9
23.9
24.0
24.0
24.0
24.0
24.0
24.0
24.0
24.0
24.0
24.0
24.0
24.0
24.0
24.0
24.0
24.0
24.0
24.0
24.0
24.0
24.0
24.0
24.0
24.0
24.0
24.0
24.0
24.0
24.0
24.0
24.0
24.0
24.0
24.0
24.0
24.0
24.0
24.0
24.0
24.0
24.1
24.1
24.1
24.1
24.1
24.1
24.1
24.1
24.1
24.1
24.1
24.1
24.1
24.1
24.1
24.1
24.1
24.1
24.1
24.1
24.1
24.1
24.1
24.1
24.1
24.1
24.1
24.1
24.1
24.1
24.1
24.1
24.1
24.1
24.1
24.1
24.1
24.1
24.1
24.1
24.1
24.1
24.1
24.1
24.1
24.1
24.1
24.1
24.1
24.1
24.1
24.1
24.1
24.1
24.1
24.1
24.1
24.1
24.1
24.1
24.1
24.1
24.1
24.1
24.1
24.1
24.1
24.1
24.1
24.1
24.1
24.1
24.1
24.1
24.1
24.1
24.1
24.1
24.1
24.1
24.1
24.1
24.1
24.1
24.1
24.1
24.1
24.1
24.1
24.1
24.1
24.1
24.1
24.1
24.1
24.1
24.1
24.1
24.1
24.1
24.1
24.1
24.1
24.1
24.1
24.1
24.1
24.1
24.1
24.1
24.1
24.1
24.1
24.1
24.1
24.1
24.1
24.1
24.1
24.1
24.1
24.1
24.1
24.1
24.1
24.1
24.1
24.1
24.1
24.1
24.1
24.1
24.1
24.1
24.1
24.1
24.1
24.1
24.1
24.1
24.1
24.1
24.1
24.1
24.1
24.1
24.1
24.1
24.1
24.1
24.1
24.1
24.2
24.2
24.2
24.2
24.2
24.2
24.1
24.1
24.1
24.2
24.2
24.2
24.2
24.2
24.2
24.1
24.1
24.1
24.1
24.1
24.1
24.1
24.1
24.1
24.1
24.1
24.1
24.1
24.1
24.2
24.2
24.1
24.1
24.1
24.2
24.1
24.1
24.2
24.1
24.2
24.2
24.2
25.9
25.9
26.0
26.3
26.4
26.5
26.5
26.7
26.6
26.0
26.0
26.0
26.0
26.0
26.0
26.4
26.4
25.9
26.0
26.2
26.1
26.1
25.9
26.1
26.3
26.4
26.3
26.3
26.2
26.5
26.4
26.0
26.0
26.3
26.3
26.2
31.7
30.2
30.2
30.9
30.9
31.0
27.4
27.4
26.1
26.2
26.2
26.4
26.2
26.2
26.4
26.4
26.8
26.8
26.8
27.6
27.7
28.1
27.8
27.2
27.2
27.1
27.1
26.3
26.4
26.4
23.0
25.4
25.5
25.5
23.4
23.4
23.5
23.5
23.6
23.4
23.4
23.5
23.4
23.4
23.5
23.6
23.6
23.5
23.4
23.4
23.5
23.5
23.3
23.3
23.4
23.5
23.5
23.5
23.3
23.6
23.8
23.6
23.6
23.5
23.5
23.5
23.3
23.3
23.2
23.8
23.8
24.6
24.6
24.5
24.6
24.7
24.7
24.7
24.7
24.7
24.6
24.6
24.6
24.6
24.6
24.6
24.6
24.6
24.6
24.6
24.6
24.5
24.7
24.7
24.7
24.6
24.6
24.6
24.6
24.6
24.6
24.6
24.6
24.6
24.7
24.8
24.8
24.8
24.8
24.8
24.8
24.8
24.8
24.8
24.8
24.8
24.8
24.8
24.8
24.7
24.7
24.7
24.7
24.7
24.7
24.8
24.7
24.7
24.7
24.8
24.8
24.8
24.8
24.7
23.5
23.5
23.5
23.5
23.5
23.5
23.5
23.5
23.5
23.6
23.5
23.6
23.6
23.6
23.6
23.6
23.6
23.6
23.5
23.5
23.5
23.6
23.5
23.5
23.5
23.5
23.5
23.6
23.5
23.6
23.6
23.6
23.5
23.5
23.5
23.5
23.7
23.7
23.7
23.7
23.7
23.7
23.7
23.7
23.7
23.7
23.8
23.7
23.7
23.7
23.7
23.7
23.7
23.7
23.7
23.8
23.7
23.8
23.8
23.7
23.7
23.8
23.7
23.7
23.7
23.7
23.8
23.7
23.7
23.7
23.8
23.8
23.8
23.7
23.8
23.7
23.7
23.7
23.8
23.8
23.8
23.7
23.8
23.7
23.8
23.7
23.8
23.7
23.8
23.8
23.8
23.8
23.8
23.7
23.8
23.7
23.7
23.7
23.8
23.8
23.8
23.8
23.8
23.8
23.8
23.8
23.8
23.8
23.7
23.8
23.8
23.8
23.8
23.8
23.7
23.8
23.8
23.8
23.7
23.8
23.8
23.8
23.7
23.7
23.7
23.7
23.7
23.7
23.7
23.7
23.8
23.8
23.7
23.8
23.7
23.7
23.7
23.7
23.7
23.7
23.7
23.8
23.7
23.7
23.8
23.7
23.7
23.7
23.7
23.7
23.7
23.7
23.7
23.7
23.7
23.7
23.7
23.7
23.7
23.7
23.8
23.7
23.7
23.7
23.7
23.7
23.7
23.8
23.8
23.8
23.8
23.8
23.8
23.7
23.7
23.8
23.7
23.7
23.8
23.8
23.8
23.7
23.8
23.8
23.8
23.8
23.8
23.8
23.7
23.7
23.8
23.8
23.7
23.8
23.7
23.8
23.8
23.8
23.8
23.8
23.8
23.8
23.8
23.8
23.8
23.8
23.8
23.8
23.8
23.8
23.8
23.8
23.8
23.8
23.8
23.8
23.8
23.7
23.7
23.7
23.7
23.7
23.8
23.8
23.7
23.7
23.7
23.8
23.8
23.8
23.8
23.8
23.8
23.8
23.8
23.8
23.8
23.8
23.8
23.8
23.8
23.8
23.8
23.8
23.8
23.8
23.8
23.8
23.8
23.8
23.8
23.8
23.8
23.9
23.8
23.8
23.8
23.8
23.8
23.8
23.8
23.8
23.8
23.8
23.8
23.8
23.8
23.8
23.8
23.8
23.8
23.8
23.8
23.8
23.8
23.8
23.8
23.8
23.9
23.8
23.8
23.8
23.8
23.8
23.8
23.8
23.8
23.8
23.8
23.8
23.8
23.8
23.8
23.8
23.8
23.8
23.8
23.8
23.8
23.8
23.8
23.9
23.9
23.9
23.9
23.9
23.9
23.9
23.9
23.9
23.9
23.8
23.9
23.9
23.9
23.9
23.9
23.9
23.9
23.9
23.8
23.8
23.9
23.9
23.8
23.8
23.8
23.8
23.8
23.9
23.8
23.8
23.8
23.8
23.8
23.8
23.9
23.9
23.9
23.9
23.9
23.9
23.9
23.9
23.9
23.8
23.9
23.9
23.9
23.9
23.9
23.9
23.8
23.8
23.8
23.8
23.8
23.8
23.9
23.9
23.9
23.9
23.9
23.9
23.9
23.9
23.8
23.9
23.9
23.9
23.8
23.9
23.9
23.9
23.8
23.9
23.9
23.9
23.9
23.9
23.8
23.9
23.9
23.9
23.9
23.9
23.9
23.9
23.9
23.9
23.9
23.9
23.9
23.8
23.8
23.8
23.9
23.8
23.9
23.9
23.9
23.8
23.9
23.8
23.8
23.9
23.8
23.9
23.8
23.8
23.8
23.8
23.8
23.8
23.8
23.8
23.8
23.9
23.9
23.9
23.9
23.9
23.9
23.8
23.9
23.9
23.9
23.9
23.9
23.9
23.8
23.9
23.8
23.9
23.9
23.8
23.8
23.9
23.9
23.9
23.9
23.9
23.9
23.9
23.9
23.9
23.9
23.9
23.9
23.9
23.9
23.8
23.9
23.9
23.9
23.9
23.9
23.8
23.9
23.9
23.9
23.9
23.9
23.9
23.9
23.9
23.9
23.9
23.9
23.9
23.9
23.9
23.9
23.9
23.8
23.9
23.9
23.9
23.9
23.9
23.8
23.8
23.8
23.9
23.9
23.9
23.9
23.9
23.9
23.9
23.9
23.9
23.8
23.9
23.9
24.0
23.9
24.0
23.9
23.9
23.9
23.9
23.9
23.9
23.8
23.9
23.9
23.9
23.9
23.9
23.9
23.9
23.9
23.9
23.9
24.0
24.0
24.0
24.0
24.0
24.0
24.0
24.0
24.0
24.0
24.0
24.0
24.0
24.0
24.1
24.1
24.0
24.0
24.1
24.0
24.0
24.0
24.0
24.1
24.1
24.1
24.1
24.0
24.0
24.0
24.0
24.1
24.0
24.0
24.0
24.0
24.0
24.0
24.0
24.1
24.1
24.1
24.1
24.1
24.1
24.0
24.0
24.0
24.0
24.1
24.1
24.0
24.0
24.0
24.0
24.0
24.0
24.0
24.0
24.0
24.1
24.1
24.1
24.0
24.0
24.0
24.0
24.0
24.0
24.0
24.0
24.0
23.9
23.9
23.9
24.0
24.0
24.0
24.0
24.0
23.9
24.0
23.9
24.0
24.0
24.0
24.0
24.0
24.1
24.1
24.1
24.1
24.1
24.1
24.1
24.1
24.1
24.0
24.0
24.1
24.1
24.1
24.1
24.1
24.1
24.1
24.0
24.0
24.0
24.1
24.0
24.1
24.1
24.1
24.1
24.1
24.0
24.0
24.0
24.0
24.0
24.0
24.0
24.0
24.0
24.1
24.0
24.0
24.0
24.0
24.0
24.0
24.0
24.0
24.0
24.0
24.0
24.0
24.1
24.1
24.1
24.1
24.1
24.1
24.0
24.1
24.0
24.0
24.0
24.0
24.0
24.0
24.0
24.0
24.0
24.0
24.0
24.0
24.0
24.0
24.0
24.1
24.0
24.0
24.0
24.0
24.0
24.0
24.0
24.0
24.0
24.0
24.1
24.1
24.1
24.1
24.1
24.1
24.1
24.0
24.0
24.1
24.1
24.1
24.1
24.0
24.0
24.1
24.1
24.1
24.1
24.1
24.0
24.0
24.0
24.0
24.0
24.1
24.1
24.1
24.0
24.0
24.0
24.0
24.1
24.1
24.1
24.1
24.1
24.1
24.1
24.1
24.1
24.1
24.1
24.1
24.1
24.1
24.0
24.0
24.0
23.9
23.9
24.0
24.0
24.1
24.1
24.1
24.1
24.1
24.0
23.9
24.0
24.0
24.0
24.0
24.0
24.0
24.0
24.0
24.0
24.0
24.0
24.0
24.0
24.0
24.0
24.0
24.1
24.1
24.0
24.0
24.0
24.0
24.1
24.1
24.1
24.1
24.0
24.0
24.1
24.1
24.1
24.1
24.1
24.1
24.1
24.0
24.0
24.1
24.1
24.1
24.1
24.1
24.1
24.1
24.1
24.1
24.1
24.1
24.1
24.1
24.1
24.1
24.1
24.1
24.1
24.1
24.1
24.1
24.1
24.1
24.1
24.1
24.1
24.1
24.1
24.1
24.1
24.1
24.1
24.1
24.1
24.1
24.1
24.1
24.1
24.1
24.1
24.1
24.1
24.1
24.1
24.1
24.1
24.1
24.1
24.1
24.1
